   285.521    -0.350     2.608     8.203   -33.000     4.645
   285.548    -0.350     2.541     8.203   -33.000     4.645
   285.605    -0.360     2.398     8.203   -33.000     4.645
   285.688    -0.360     2.189     8.203   -33.000     4.645
   285.796    -0.360     1.918     8.203   -33.000     4.645
   285.927    -0.360     1.920     8.209   -33.240     4.679
   286.079    -0.370     2.452     8.226   -33.894     4.774
   286.251    -0.390     3.024     8.243   -34.600     4.876
   286.441    -0.400     3.624     8.262   -35.345     4.984
   286.647    -0.420     4.246     8.282   -36.119     5.096
   286.870    -0.450     4.889     8.303   -36.924     5.212
   287.108    -0.470     5.547     8.324   -37.752     5.332
   287.360    -0.490     6.215     8.346   -38.598     5.455
   287.624    -0.510     6.890     8.368   -39.456     5.579
   287.901    -0.540     7.573     8.390   -40.330     5.706
   288.190    -0.550     8.262     8.413   -41.218     5.835
   288.490    -0.550     8.954     8.436   -42.115     5.966
   288.800    -0.550     9.648     8.460   -43.021     6.097
   289.120    -0.540    10.343     8.484   -43.936     6.230
   289.449    -0.530    11.038     8.508   -44.857     6.364
   289.787    -0.520    11.733     8.532   -45.785     6.499
   290.133    -0.530    12.426     8.557   -46.719     6.635
   290.487    -0.560    13.117     8.582   -47.658     6.771
   290.849    -0.590    13.806     8.607   -48.604     6.909
   291.218    -0.610    14.491     8.632   -49.553     7.046
   291.594    -0.640    15.173     8.657   -50.508     7.185
   291.976    -0.680    15.849     8.683   -51.465     7.324
   292.365    -0.720    16.523     8.708   -52.428     7.464
   292.760    -0.760    17.191     8.734   -53.394     7.604
   293.161    -0.770    17.856     8.760   -54.364     7.744
   293.567    -0.730    18.516     8.787   -55.337     7.885
   293.978    -0.700    19.169     8.813   -56.311     8.026
   294.395    -0.650    19.818     8.840   -57.291     8.167
   294.817    -0.630    20.459     8.866   -58.273     8.309
   295.244    -0.600    21.095     8.893   -59.259     8.451
   295.675    -0.550    21.722     8.920   -60.246     8.593
   296.110    -0.540    22.342     8.948   -61.235     8.735
   296.550    -0.490    22.955     8.975   -62.228     8.877
   296.994    -0.460    23.559     9.003   -63.222     9.020
   297.443    -0.430    24.156     9.030   -64.221     9.163
   297.895    -0.400    24.745     9.058   -65.221     9.305
   298.351    -0.380    25.324     9.086   -66.223     9.448
   298.810    -0.360    25.893     9.114   -67.225     9.591
   299.273    -0.360    26.454     9.142   -68.231     9.733
   299.740    -0.380    27.005     9.171   -69.239     9.876
   300.210    -0.433    27.545     9.199   -70.249    10.019
   300.684    -0.500    28.075     9.228   -71.262    10.162
   301.160    -0.580    28.593     9.257   -72.274    10.304
   301.640    -0.600    29.103     9.286   -73.290    10.446
   302.123    -0.600    29.603     9.315   -74.307    10.589
   302.609    -0.500    30.096     9.344   -75.327    10.731
   303.098    -0.430    30.576     9.374   -76.348    10.873
   303.590    -0.370    31.043     9.403   -77.370    11.015
   304.084    -0.340    31.498     9.433   -78.393    11.156
   304.581    -0.390    31.940     9.463   -79.418    11.298
   305.081    -0.430    32.370     9.493   -80.445    11.439
   305.584    -0.470    32.788     9.523   -81.475    11.580
   306.089    -0.520    33.193     9.553   -82.505    11.720
   306.597    -0.560    33.586     9.583   -83.537    11.861
   307.108    -0.570    33.967     9.614   -84.571    12.001
   307.621    -0.530    34.336     9.645   -85.606    12.141
   308.136    -0.478    34.691     9.675   -86.642    12.280
   308.654    -0.478    35.033     9.706   -87.680    12.419
   309.174    -0.478    35.360     9.737   -88.719    12.558
   309.696    -0.478    35.673     9.769   -89.759    12.696
   310.221    -0.460    35.974     9.800   -90.801    12.833
   310.748    -0.430    36.259     9.832   -91.844    12.971
   311.277    -0.370    36.531     9.863   -92.888    13.107
   311.808    -0.300    36.788     9.895   -93.933    13.244
   312.342    -0.200    37.032     9.927   -94.981    13.380
   312.878    -0.170    37.258     9.959   -96.030    13.515
   313.416    -0.210    37.468     9.991   -97.080    13.650
   313.956    -0.280    37.663    10.024   -98.131    13.784
   314.498    -0.380    37.841    10.056   -99.183    13.918
   315.042    -0.478    38.002    10.089  -100.236    14.051
   315.588    -0.530    38.148    10.121  -101.290    14.183
   316.137    -0.570    38.280    10.154  -102.347    14.315
   316.687    -0.540    38.397    10.188  -103.404    14.447
   317.240    -0.460    38.499    10.221  -104.463    14.577
   317.794    -0.200    38.588    10.254  -105.522    14.707
   318.350    -0.290    38.653    10.288  -106.582    14.836
   318.909    -0.370    38.701    10.321  -107.645    14.965
   319.469    -0.350    38.734    10.355  -108.708    15.093
   320.031    -0.328    38.750    10.389  -109.771    15.220
   320.595    -0.290    38.749    10.423  -110.836    15.346
   321.161    -0.260    38.730    10.458  -111.903    15.472
   321.729    -0.230    38.694    10.492  -112.970    15.596
   322.299    -0.200    38.639    10.526  -114.039    15.720
   322.871    -0.170    38.568    10.561  -115.109    15.843
   323.445    -0.130    38.478    10.596  -116.181    15.966
   324.021    -0.110    38.369    10.631  -117.253    16.087
   324.598    -0.080    38.242    10.666  -118.325    16.208
   325.178    -0.040    38.098    10.702  -119.401    16.327
   325.759    -0.030    37.934    10.737  -120.476    16.446
   326.342    -0.040    37.752    10.773  -121.552    16.564
   326.927    -0.060    37.551    10.808  -122.629    16.681
   327.514    -0.080    37.332    10.844  -123.708    16.796
   328.103    -0.110    37.093    10.881  -124.788    16.911
   328.693    -0.120    36.836    10.917  -125.867    17.025
   329.286    -0.123    36.559    10.953  -126.950    17.138
   329.880    -0.123    36.264    10.990  -128.032    17.250
   330.476    -0.123    35.949    11.026  -129.116    17.361
   331.074    -0.123    35.614    11.063  -130.200    17.470
   331.674    -0.123    35.261    11.100  -131.286    17.579
   332.276    -0.123    34.888    11.138  -132.374    17.687
   332.880    -0.123    34.494    11.175  -133.462    17.793
   333.485    -0.123    34.082    11.212  -134.550    17.898
   334.093    -0.123    33.650    11.250  -135.641    18.003
   334.702    -0.123    33.198    11.288  -136.731    18.106
   335.313    -0.123    32.726    11.326  -137.823    18.207
   335.926    -0.123    32.235    11.364  -138.916    18.308
   336.541    -0.123    31.723    11.402  -140.010    18.407
   337.158    -0.123    31.191    11.441  -141.105    18.506
   337.777    -0.123    30.640    11.480  -142.201    18.603
   338.397    -0.123    30.069    11.518  -143.297    18.698
   339.020    -0.123    29.477    11.557  -144.396    18.793
   339.644    -0.123    28.865    11.596  -145.494    18.886
   340.271    -0.123    28.232    11.636  -146.594    18.977
   340.899    -0.123    27.581    11.675  -147.695    19.068
   341.529    -0.123    26.909    11.715  -148.796    19.157
   342.161    -0.123    26.216    11.755  -149.898    19.245
   342.795    -0.123    25.504    11.795  -151.002    19.331
   343.431    -0.123    24.771    11.835  -152.106    19.416
   344.069    -0.123    24.018    11.875  -153.211    19.500
   344.709    -0.123    23.245    11.916  -154.317    19.582
   345.351    -0.123    22.452    11.956  -155.425    19.662
   345.995    -0.123    21.638    11.997  -156.533    19.742
   346.641    -0.123    20.804    12.038  -157.642    19.819
